age,year,suicides/100k,gdp_per_capita ($),HDI,generation
75,1985,53.57,19693,0.841,GIGeneration
55,1985,29.5,19693,0.841,GIGeneration
25,1985,24.46,19693,0.841,Boomers
35,1985,22.77,19693,0.841,Silent
15,1985,21.38,19693,0.841,GenerationX
35,1985,7.58,19693,0.841,Silent
55,1985,7.34,19693,0.841,GIGeneration
75,1985,6.24,19693,0.841,GIGeneration
25,1985,5.9,19693,0.841,Boomers
15,1985,4.36,19693,0.841,GenerationX
10,1985,1.18,19693,0.841,GenerationX
10,1985,0.44,19693,0.841,GenerationX
75,1986,56.01,20588,0.85,GIGeneration
55,1986,30.39,20588,0.85,GIGeneration
25,1986,25.48,20588,0.85,Boomers
35,1986,23.57,20588,0.85,Silent
15,1986,21.69,20588,0.85,GenerationX
35,1986,8.06,20588,0.85,Silent
55,1986,7.9,20588,0.85,GIGeneration
75,1986,6.79,20588,0.85,GIGeneration
25,1986,5.9,20588,0.85,Boomers
15,1986,4.37,20588,0.85,GenerationX
10,1986,1.15,20588,0.85,GenerationX
10,1986,0.34,20588,0.85,GenerationX
75,1987,58.95,21631,0.85,GIGeneration
55,1987,30.14,21631,0.85,GIGeneration
25,1987,24.78,21631,0.85,Boomers
35,1987,23.28,21631,0.85,Silent
15,1987,21.26,21631,0.85,GenerationX
35,1987,7.73,21631,0.85,Silent
55,1987,7.42,21631,0.85,GIGeneration
75,1987,6.4,21631,0.85,GIGeneration
25,1987,5.94,21631,0.85,Boomers
15,1987,4.31,21631,0.85,GenerationX
10,1987,1.14,21631,0.85,GenerationX
10,1987,0.31,21631,0.85,GenerationX
75,1988,57.79,23103,0.85,GIGeneration
55,1988,28.51,23103,0.85,GIGeneration
25,1988,25,23103,0.85,Boomers
35,1988,22.4,23103,0.85,Silent
15,1988,21.92,23103,0.85,GenerationX
35,1988,7.3,23103,0.85,Silent
55,1988,7,23103,0.85,GIGeneration
75,1988,6.44,23103,0.85,GIGeneration
25,1988,5.71,23103,0.85,Boomers
15,1988,4.25,23103,0.85,GenerationX
10,1988,1.02,23103,0.85,GenerationX
10,1988,0.37,23103,0.85,GenerationX
75,1989,54.22,24654,0.85,GIGeneration
55,1989,28.34,24654,0.85,GIGeneration
25,1989,24.33,24654,0.85,Boomers
35,1989,22.61,24654,0.85,Silent
15,1989,22.24,24654,0.85,GenerationX
35,1989,6.91,24654,0.85,Silent
55,1989,6.67,24654,0.85,GIGeneration
75,1989,5.94,24654,0.85,GIGeneration
25,1989,5.6,24654,0.85,Boomers
15,1989,4.23,24654,0.85,GenerationX
10,1989,1.02,24654,0.85,GenerationX
10,1989,0.33,24654,0.85,GenerationX
75,1990,57.85,26004,0.859,GIGeneration
55,1990,28.6,26004,0.859,GIGeneration
25,1990,24.76,26004,0.859,Boomers
35,1990,23.62,26004,0.859,Silent
15,1990,21.99,26004,0.859,GenerationX
55,1990,7.06,26004,0.859,GIGeneration
35,1990,6.85,26004,0.859,Silent
75,1990,6.05,26004,0.859,GIGeneration
25,1990,5.61,26004,0.859,Boomers
15,1990,3.92,26004,0.859,GenerationX
10,1990,1.09,26004,0.859,GenerationX
10,1990,0.4,26004,0.859,GenerationX
75,1991,56.05,26503,0.865,GIGeneration
55,1991,27.75,26503,0.865,Silent
25,1991,25.02,26503,0.865,Boomers
35,1991,23.3,26503,0.865,Boomers
15,1991,21.89,26503,0.865,GenerationX
35,1991,6.95,26503,0.865,Boomers
55,1991,6.29,26503,0.865,Silent
75,1991,5.87,26503,0.865,GIGeneration
25,1991,5.38,26503,0.865,Boomers
15,1991,3.81,26503,0.865,GenerationX
10,1991,1.13,26503,0.865,Millenials
10,1991,0.33,26503,0.865,Millenials
75,1992,52.33,27760,0.865,GIGeneration
55,1992,26.71,27760,0.865,Silent
25,1992,24.03,27760,0.865,Boomers
35,1992,23.15,27760,0.865,Boomers
15,1992,21.89,27760,0.865,GenerationX
35,1992,6.87,27760,0.865,Boomers
55,1992,6.21,27760,0.865,Silent
75,1992,6.17,27760,0.865,GIGeneration
25,1992,5.04,27760,0.865,Boomers
15,1992,3.67,27760,0.865,GenerationX
10,1992,1.24,27760,0.865,Millenials
10,1992,0.46,27760,0.865,Millenials
75,1993,52.52,28891,0.865,GIGeneration
55,1993,26.41,28891,0.865,Silent
25,1993,24.92,28891,0.865,Boomers
35,1993,23.32,28891,0.865,Boomers
15,1993,22.39,28891,0.865,GenerationX
35,1993,6.7,28891,0.865,Boomers
55,1993,6.09,28891,0.865,Silent
75,1993,5.71,28891,0.865,GIGeneration
25,1993,5.2,28891,0.865,Boomers
15,1993,4.14,28891,0.865,GenerationX
10,1993,1.23,28891,0.865,Millenials
10,1993,0.49,28891,0.865,Millenials
75,1994,50.7,30375,0.865,GIGeneration
25,1994,25.61,30375,0.865,Boomers
55,1994,24.62,30375,0.865,Silent
15,1994,23.45,30375,0.865,GenerationX
35,1994,23.27,30375,0.865,Boomers
35,1994,6.81,30375,0.865,Boomers
75,1994,5.55,30375,0.865,GIGeneration
55,1994,5.49,30375,0.865,Silent
25,1994,5.12,30375,0.865,Boomers
15,1994,3.72,30375,0.865,GenerationX
10,1994,1.21,30375,0.865,Millenials
10,1994,0.48,30375,0.865,Millenials
75,1995,48.25,31518,0.876,GIGeneration
25,1995,25.62,31518,0.876,GenerationX
55,1995,25.06,31518,0.876,Silent
35,1995,23.58,31518,0.876,Boomers
15,1995,22.52,31518,0.876,GenerationX
35,1995,6.58,31518,0.876,Boomers
75,1995,5.47,31518,0.876,GIGeneration
55,1995,5.38,31518,0.876,Silent
25,1995,5.18,31518,0.876,GenerationX
15,1995,3.71,31518,0.876,GenerationX
10,1995,1.33,31518,0.876,Millenials
10,1995,0.41,31518,0.876,Millenials
75,1996,46.54,32928,0.88,GIGeneration
55,1996,24.95,32928,0.88,Silent
35,1996,24.02,32928,0.88,Boomers
25,1996,24.01,32928,0.88,GenerationX
15,1996,20,32928,0.88,GenerationX
35,1996,6.76,32928,0.88,Boomers
55,1996,5.19,32928,0.88,Silent
25,1996,5.02,32928,0.88,GenerationX
75,1996,4.81,32928,0.88,GIGeneration
15,1996,3.6,32928,0.88,GenerationX
10,1996,1.14,32928,0.88,Millenials
10,1996,0.41,32928,0.88,Millenials
75,1997,44.7,34644,0.88,GIGeneration
55,1997,24.19,34644,0.88,Silent
25,1997,23.64,34644,0.88,GenerationX
35,1997,23.27,34644,0.88,Boomers
15,1997,18.93,34644,0.88,GenerationX
35,1997,7.02,34644,0.88,Boomers
75,1997,5.07,34644,0.88,GIGeneration
55,1997,5.06,34644,0.88,Silent
25,1997,4.99,34644,0.88,GenerationX
15,1997,3.53,34644,0.88,GenerationX
10,1997,1.17,34644,0.88,Millenials
10,1997,0.39,34644,0.88,Millenials
75,1998,45.15,36164,0.88,GIGeneration
35,1998,23.57,36164,0.88,Boomers
55,1998,23.44,36164,0.88,Silent
25,1998,22.87,36164,0.88,GenerationX
15,1998,18.55,36164,0.88,GenerationX
35,1998,6.92,36164,0.88,Boomers
75,1998,5.17,36164,0.88,GIGeneration
55,1998,4.97,36164,0.88,Silent
25,1998,4.92,36164,0.88,GenerationX
15,1998,3.32,36164,0.88,GenerationX
10,1998,1.2,36164,0.88,Millenials
10,1998,0.43,36164,0.88,Millenials
75,1999,41.71,38072,0.88,GIGeneration
35,1999,22.32,38072,0.88,Boomers
25,1999,22.28,38072,0.88,GenerationX
55,1999,22.25,38072,0.88,Silent
15,1999,17.2,38072,0.88,GenerationX
35,1999,6.54,38072,0.88,Boomers
25,1999,4.77,38072,0.88,GenerationX
55,1999,4.77,38072,0.88,Silent
75,1999,4.59,38072,0.88,GIGeneration
15,1999,3.12,38072,0.88,GenerationX
10,1999,0.96,38072,0.88,Millenials
10,1999,0.26,38072,0.88,Millenials
75,2000,42.4,39218,0.883,GIGeneration
35,2000,22.62,39218,0.883,Boomers
55,2000,20.82,39218,0.883,Silent
25,2000,19.57,39218,0.883,GenerationX
15,2000,17.05,39218,0.883,GenerationX
35,2000,6.53,39218,0.883,Boomers
55,2000,4.77,39218,0.883,Silent
25,2000,4.32,39218,0.883,GenerationX
75,2000,4.05,39218,0.883,GIGeneration
15,2000,2.98,39218,0.883,GenerationX
10,2000,1.16,39218,0.883,Millenials
10,2000,0.31,39218,0.883,Millenials
75,2001,40.55,40018,0.89,Silent
35,2001,23.26,40018,0.89,Boomers
55,2001,22.51,40018,0.89,Silent
25,2001,20.98,40018,0.89,GenerationX
15,2001,16.64,40018,0.89,Millenials
35,2001,6.8,40018,0.89,Boomers
55,2001,4.95,40018,0.89,Silent
25,2001,4.45,40018,0.89,GenerationX
75,2001,3.85,40018,0.89,Silent
15,2001,2.89,40018,0.89,Millenials
10,2001,1.02,40018,0.89,Millenials
10,2001,0.32,40018,0.89,Millenials
75,2002,40.83,40845,0.89,Silent
35,2002,24.03,40845,0.89,Boomers
55,2002,23.19,40845,0.89,Silent
25,2002,20.47,40845,0.89,GenerationX
15,2002,16.48,40845,0.89,Millenials
35,2002,7.12,40845,0.89,Boomers
55,2002,5.01,40845,0.89,Silent
25,2002,4.62,40845,0.89,GenerationX
75,2002,4.08,40845,0.89,Silent
15,2002,2.92,40845,0.89,Millenials
10,2002,0.95,40845,0.89,Millenials
10,2002,0.32,40845,0.89,Millenials
75,2003,37.87,42468,0.89,Silent
35,2003,23.77,42468,0.89,Boomers
55,2003,22.69,42468,0.89,Silent
25,2003,20.55,42468,0.89,GenerationX
15,2003,15.96,42468,0.89,Millenials
35,2003,7.11,42468,0.89,Boomers
55,2003,5.06,42468,0.89,Silent
25,2003,4.63,42468,0.89,GenerationX
75,2003,3.77,42468,0.89,Silent
15,2003,3.03,42468,0.89,Millenials
10,2003,0.92,42468,0.89,Millenials
10,2003,0.28,42468,0.89,Millenials
75,2004,37.11,44867,0.89,Silent
35,2004,23.88,44867,0.89,Boomers
55,2004,22.25,44867,0.89,Silent
25,2004,20.37,44867,0.89,GenerationX
15,2004,16.77,44867,0.89,Millenials
35,2004,7.86,44867,0.89,Boomers
55,2004,5.18,44867,0.89,Silent
25,2004,4.73,44867,0.89,GenerationX
75,2004,3.81,44867,0.89,Silent
15,2004,3.55,44867,0.89,Millenials
10,2004,0.9,44867,0.89,Millenials
10,2004,0.49,44867,0.89,Millenials
75,2005,37.92,47423,0.89,Silent
35,2005,24.12,47423,0.89,Boomers
55,2005,22.41,47423,0.89,Silent
25,2005,19.91,47423,0.89,GenerationX
15,2005,16.16,47423,0.89,Millenials
35,2005,7.38,47423,0.89,Boomers
55,2005,5.28,47423,0.89,Silent
25,2005,4.69,47423,0.89,GenerationX
75,2005,3.99,47423,0.89,Silent
15,2005,3.49,47423,0.89,Millenials
10,2005,0.99,47423,0.89,Millenials
10,2005,0.34,47423,0.89,Millenials
75,2006,35.7,49666,0.89,Silent
35,2006,24.67,49666,0.89,Boomers
55,2006,22.73,49666,0.89,Silent
25,2006,19.71,49666,0.89,GenerationX
15,2006,16.15,49666,0.89,Millenials
35,2006,7.71,49666,0.89,Boomers
55,2006,5.77,49666,0.89,Silent
25,2006,4.69,49666,0.89,GenerationX
75,2006,3.71,49666,0.89,Silent
15,2006,3.21,49666,0.89,Millenials
10,2006,0.74,49666,0.89,Millenials
10,2006,0.34,49666,0.89,Millenials
75,2007,36.36,51585,0.89,Silent
35,2007,25.53,51585,0.89,Boomers
55,2007,23.64,51585,0.89,Silent
25,2007,20.85,51585,0.89,GenerationX
15,2007,15.81,51585,0.89,Millenials
35,2007,8.08,51585,0.89,Boomers
55,2007,6.15,51585,0.89,Silent
25,2007,5.03,51585,0.89,GenerationX
75,2007,3.6,51585,0.89,Silent
15,2007,3.17,51585,0.89,Millenials
10,2007,0.63,51585,0.89,GenerationZ
10,2007,0.27,51585,0.89,GenerationZ
75,2008,35.79,52128,0.89,Silent
35,2008,26.44,52128,0.89,Boomers
55,2008,25.52,52128,0.89,Silent
25,2008,21.36,52128,0.89,GenerationX
15,2008,16.05,52128,0.89,Millenials
35,2008,8.44,52128,0.89,Boomers
55,2008,6.02,52128,0.89,Silent
25,2008,5.18,52128,0.89,GenerationX
75,2008,3.88,52128,0.89,Silent
15,2008,3.49,52128,0.89,Millenials
10,2008,0.73,52128,0.89,GenerationZ
10,2008,0.34,52128,0.89,GenerationZ
75,2009,35.6,50563,0.89,Silent
35,2009,27.05,50563,0.89,Boomers
55,2009,25.69,50563,0.89,Silent
25,2009,21.25,50563,0.89,GenerationX
15,2009,16.09,50563,0.89,Millenials
35,2009,8.55,50563,0.89,Boomers
55,2009,6.4,50563,0.89,Silent
25,2009,5.14,50563,0.89,GenerationX
15,2009,3.64,50563,0.89,Millenials
75,2009,3.5,50563,0.89,Silent
10,2009,0.83,50563,0.89,GenerationZ
10,2009,0.45,50563,0.89,GenerationZ
75,2010,36.03,51989,0.909,Silent
35,2010,27.49,51989,0.909,GenerationX
55,2010,26.34,51989,0.909,Silent
25,2010,22.76,51989,0.909,GenerationX
15,2010,16.79,51989,0.909,Millenials
35,2010,8.44,51989,0.909,GenerationX
55,2010,6.83,51989,0.909,Silent
25,2010,5.41,51989,0.909,GenerationX
15,2010,3.88,51989,0.909,Millenials
75,2010,3.61,51989,0.909,Silent
10,2010,0.88,51989,0.909,GenerationZ
10,2010,0.43,51989,0.909,GenerationZ
75,2011,36.53,53452,0.911,Silent
35,2011,27.44,53452,0.911,GenerationX
55,2011,26.52,53452,0.911,Boomers
25,2011,23.49,53452,0.911,Millenials
15,2011,17.5,53452,0.911,Millenials
35,2011,8.89,53452,0.911,GenerationX
55,2011,6.81,53452,0.911,Boomers
25,2011,6.07,53452,0.911,Millenials
15,2011,4,53452,0.911,Millenials
75,2011,3.74,53452,0.911,Silent
10,2011,0.95,53452,0.911,GenerationZ
10,2011,0.42,53452,0.911,GenerationZ
75,2012,37.37,55170,0.912,Silent
35,2012,27.79,55170,0.912,GenerationX
55,2012,27.25,55170,0.912,Boomers
25,2012,23.71,55170,0.912,Millenials
15,2012,17.25,55170,0.912,Millenials
35,2012,9.13,55170,0.912,GenerationX
55,2012,7.02,55170,0.912,Boomers
25,2012,5.96,55170,0.912,Millenials
15,2012,4.41,55170,0.912,Millenials
75,2012,3.76,55170,0.912,Silent
10,2012,1.07,55170,0.912,GenerationZ
10,2012,0.42,55170,0.912,GenerationZ
75,2013,38.25,56520,0.913,Silent
55,2013,27.77,56520,0.913,Boomers
35,2013,27.08,56520,0.913,GenerationX
25,2013,23.67,56520,0.913,Millenials
15,2013,17.17,56520,0.913,Millenials
35,2013,8.99,56520,0.913,GenerationX
55,2013,7.48,56520,0.913,Boomers
25,2013,6.13,56520,0.913,Millenials
15,2013,4.49,56520,0.913,Millenials
75,2013,3.75,56520,0.913,Silent
10,2013,1.19,56520,0.913,GenerationZ
10,2013,0.7,56520,0.913,GenerationZ
75,2014,38.85,58531,0.915,Silent
55,2014,28.59,58531,0.915,Boomers
35,2014,27.37,58531,0.915,GenerationX
25,2014,24,58531,0.915,Millenials
15,2014,18.01,58531,0.915,Millenials
35,2014,9.63,58531,0.915,GenerationX
55,2014,7.83,58531,0.915,Boomers
25,2014,6.34,58531,0.915,Millenials
15,2014,4.56,58531,0.915,Millenials
75,2014,4.11,58531,0.915,Silent
10,2014,1.3,58531,0.915,GenerationZ
10,2014,0.74,58531,0.915,GenerationZ
75,2015,38.81,60387,0.92,Silent
55,2015,28.11,60387,0.92,Boomers
35,2015,27.93,60387,0.92,GenerationX
25,2015,24.86,60387,0.92,Millenials
15,2015,19.27,60387,0.92,Millenials
35,2015,9.76,60387,0.92,GenerationX
55,2015,8.18,60387,0.92,Boomers
25,2015,6.7,60387,0.92,Millenials
15,2015,5.23,60387,0.92,Millenials
75,2015,4.58,60387,0.92,Silent
10,2015,1.2,60387,0.92,GenerationZ
10,2015,0.78,60387,0.92,GenerationZ
